1
2
6127
2
101926362
103926362
(5907, 8)
2
101926362
103926362
(5904, 9)
5049
3
4
5651
2
241692858
243692858
(5139, 8)
2
241692858
243692858
(5132, 9)
3542
5
6
3758
3
49024027
51024027
(3501, 8)
3
49024027
51024027
(3495, 9)
2984
7
8
6608
5
109401872
111401872
(6397, 8)
5
109401872
111401872
(6391, 9)
5790
9
10
7008
5
130026218
132770805
(6708, 8)
5
130026218
132770805
(6700, 9)
5886
11
12
39242
6
31006597
33586794
(0, 8)
6
31006597
33586794
(0, 9)
0
13
14
5902
8
80292599
82292599
(5653, 8)
8
80292599
82292599
(5652, 9)
4982
15
16
8211
9
5209697
7209697
(7973, 8)
9
5209697
7209697
(7965, 9)
7236
17
18
8504
10
8042744
10064361
(8178, 8)
10
8042744
10064361
(8170, 9)
7293
19
20
6365
11
75296671
77296671
(6116, 8)
11
75296671
77296671
(6109, 9)
5464
21
22
7721
12
55435504
58493727
(7221, 8)
12
55435504
58493727
(7215, 9)
5253
23
24
6767
15
66442596
68442596
(6504, 8)
15
66442596
68442596
(6502, 9)
5813
25
26
5693
17
37073838
39073838
(5386, 8)
17
37073838
39073838
(5378, 9)
4673
27
28
0
0
